<?xml version="1.0"?>
<opencv_storage>
<trainInputs type_id="opencv-matrix">
  <rows>50</rows>
  <cols>256</cols>
  <dt>f</dt>
  <data>
    0. 0. 0. 0. 0. 0. 0. 4. 7. 7. 34. 36. 100. 127. 219. 284. 429. 435.
    482. 560. 578. 662. 812. 933. 1210. 1292. 1347. 1237. 1175. 1088.
    1073. 964. 852. 679. 569. 493. 410. 418. 352. 289. 259. 215. 194.
    233. 179. 190. 177. 196. 174. 172. 181. 159. 169. 208. 185. 171.
    164. 184. 230. 263. 280. 303. 330. 376. 386. 447. 528. 530. 563.
    527. 533. 618. 607. 678. 706. 766. 786. 775. 830. 956. 1067. 1181.
    1055. 1029. 902. 897. 888. 915. 858. 891. 757. 710. 657. 803. 770.
    814. 817. 764. 760. 669. 734. 755. 761. 733. 681. 606. 649. 697.
    676. 710. 722. 666. 601. 582. 511. 552. 519. 505. 420. 407. 372.
    414. 383. 422. 423. 346. 319. 299. 335. 333. 317. 332. 364. 322.
    325. 356. 363. 385. 417. 359. 385. 353. 408. 399. 407. 390. 411.
    373. 404. 358. 387. 419. 439. 405. 423. 344. 313. 351. 347. 381.
    370. 333. 349. 317. 342. 349. 375. 345. 365. 298. 286. 305. 289.
    285. 298. 274. 270. 285. 277. 263. 285. 269. 309. 267. 247. 250.
    260. 263. 272. 241. 254. 238. 239. 253. 274. 245. 241. 211. 201.
    184. 211. 211. 207. 179. 182. 167. 162. 179. 176. 170. 139. 134.
    128. 123. 137. 135. 151. 149. 131. 144. 117. 111. 131. 136. 119.
    133. 133. 111. 118. 114. 136. 119. 101. 122. 104. 116. 105. 105.
    121. 102. 87. 85. 103. 109. 120. 92. 119. 86. 89. 128. 166. 228.
    350. 718. 2740. 0. 0. 0. 0. 0. 0. 0. 0. 1. 99. 261. 385. 520. 344.
    224. 367. 413. 295. 292. 407. 465. 458. 523. 756. 697. 953. 801.
    723. 625. 640. 647. 654. 730. 806. 700. 631. 562. 575. 577. 610.
    615. 594. 488. 551. 487. 592. 526. 467. 427. 359. 352. 341. 335.
    311. 282. 285. 266. 268. 258. 322. 289. 333. 379. 349. 348. 334.
    352. 383. 372. 318. 312. 284. 310. 239. 275. 270. 236. 234. 202.
    177. 227. 265. 276. 292. 251. 276. 264. 293. 325. 337. 306. 290.
    275. 284. 318. 323. 365. 367. 356. 346. 343. 328. 347. 341. 360.
    318. 335. 322. 348. 392. 422. 401. 447. 427. 408. 461. 487. 439.
    436. 415. 367. 319. 323. 297. 340. 311. 279. 280. 251. 296. 328.
    298. 349. 342. 311. 313. 252. 272. 266. 247. 268. 230. 206. 188.
    221. 179. 176. 173. 186. 180. 169. 162. 149. 177. 213. 185. 173.
    165. 134. 141. 114. 122. 107. 93. 90. 104. 112. 137. 119. 121. 113.
    93. 121. 120. 145. 175. 273. 394. 660. 1595. 360. 175. 75. 69. 41.
    45. 40. 41. 36. 41. 42. 49. 27. 43. 42. 36. 40. 30. 29. 35. 53. 38.
    56. 44. 32. 33. 29. 35. 32. 21. 27. 26. 20. 21. 23. 24. 19. 40. 24.
    20. 27. 18. 21. 23. 24. 24. 27. 21. 15. 20. 10. 26. 13. 15. 26. 23.
    18. 20. 19. 23. 24. 22. 26. 25. 28. 19. 25. 19. 28. 26. 27. 35. 30.
    25. 27. 21. 1.44294660e-38 0. 0. 21. 196. 823. 1299. 1940. 2148.
    1965. 1703. 1719. 1732. 1572. 1447. 1934. 2109. 1858. 1654. 1298.
    1180. 1010. 1012. 874. 851. 807. 775. 690. 672. 789. 848. 492. 361.
    249. 158. 134. 87. 103. 74. 86. 85. 68. 66. 69. 65. 66. 52. 54. 61.
    58. 51. 48. 38. 27. 32. 39. 29. 27. 20. 22. 16. 19. 21. 24. 22. 26.
    19. 22. 21. 18. 18. 16. 12. 12. 16. 18. 10. 9. 19. 16. 16. 17. 28.
    8. 20. 22. 16. 16. 25. 23. 28. 13. 19. 21. 20. 18. 19. 22. 19. 10.
    11. 16. 15. 11. 23. 11. 15. 8. 17. 11. 13. 13. 18. 17. 15. 15. 14.
    17. 14. 15. 12. 14. 9. 15. 10. 8. 17. 12. 15. 14. 15. 10. 7. 13. 13.
    9. 20. 17. 15. 7. 13. 11. 15. 15. 11. 12. 7. 16. 15. 17. 12. 11. 9.
    9. 10. 5. 9. 5. 12. 6. 12. 6. 9. 7. 11. 9. 4. 13. 7. 2. 9. 5. 8. 6.
    13. 15. 22. 19. 14. 19. 12. 13. 14. 5. 4. 8. 6. 3. 9. 7. 8. 7. 6. 8.
    9. 12. 12. 6. 9. 9. 8. 6. 10. 13. 7. 7. 9. 12. 5. 5. 2. 5. 6. 6. 4.
    4. 6. 5. 5. 9. 6. 1. 7. 5. 6. 5. 5. 4. 5. 5. 4. 4. 1. 3. 2. 2. 7. 4.
    2. 7. 3. 4. 6. 4. 9. 5. 7. 6. 6. 10. 9. 9. 15. 18. 16. 25.
    1.87500000e+00 0. 0. 0. 0. 0. 0. 0. 0. 0. 0. 0. 0. 0. 0. 0. 0. 0. 0.
    0. 8. 28. 27. 17. 13. 23. 18. 26. 35. 39. 88. 167. 230. 141. 84. 97.
    89. 118. 108. 122. 135. 173. 153. 169. 155. 158. 151. 140. 165. 141.
    115. 125. 160. 119. 115. 111. 105. 89. 102. 101. 77. 103. 86. 84.
    72. 96. 103. 90. 114. 90. 86. 102. 84. 112. 96. 119. 103. 90. 91.
    77. 84. 94. 110. 123. 94. 85. 86. 104. 81. 100. 81. 75. 98. 64. 102.
    85. 80. 67. 72. 56. 72. 85. 74. 78. 73. 51. 76. 74. 83. 94. 88. 77.
    102. 89. 100. 97. 115. 112. 106. 93. 105. 102. 88. 107. 91. 105. 94.
    100. 103. 106. 130. 115. 145. 105. 126. 102. 106. 122. 126. 120.
    120. 120. 118. 125. 124. 138. 125. 136. 110. 121. 127. 125. 136.
    128. 123. 138. 128. 128. 128. 111. 133. 126. 107. 107. 114. 95. 91.
    110. 93. 111. 97. 110. 95. 107. 120. 165. 228. 358. 538. 825. 420.
    247. 118. 60. 37. 27. 23. 31. 25. 20. 30. 38. 30. 46. 41. 30. 36.
    28. 33. 39. 34. 36. 37. 40. 41. 29. 38. 44. 38. 41. 43. 35. 27. 37.
    33. 32. 38. 36. 35. 38. 35. 28. 31. 35. 33. 35. 44. 27. 32. 36. 22.
    36. 31. 27. 31. 18. 28. 32. 32. 28. 21. 30. 32. 40. 39. 33. 40. 43.
    48. 38. 38. 57. 73. 110. 235. 465. 2.36942783e-38 0. 0. 21. 196.
    823. 1299. 1940. 2148. 1965. 1703. 1719. 1732. 1572. 1447. 1934.
    2109. 1858. 1654. 1298. 1180. 1010. 1012. 874. 851. 807. 775. 690.
    672. 789. 848. 492. 361. 249. 158. 134. 87. 103. 74. 86. 85. 68. 66.
    69. 65. 66. 52. 54. 61. 58. 51. 48. 38. 27. 32. 39. 29. 27. 20. 22.
    16. 19. 21. 24. 22. 26. 19. 22. 21. 18. 18. 16. 12. 12. 16. 18. 10.
    9. 19. 16. 16. 17. 28. 8. 20. 22. 16. 16. 25. 23. 28. 13. 19. 21.
    20. 18. 19. 22. 19. 10. 11. 16. 15. 11. 23. 11. 15. 8. 17. 11. 13.
    13. 18. 17. 15. 15. 14. 17. 14. 15. 12. 14. 9. 15. 10. 8. 17. 12.
    15. 14. 15. 10. 7. 13. 13. 9. 20. 17. 15. 7. 13. 11. 15. 15. 11. 12.
    7. 16. 15. 17. 12. 11. 9. 9. 10. 5. 9. 5. 12. 6. 12. 6. 9. 7. 11. 9.
    4. 13. 7. 2. 9. 5. 8. 6. 13. 15. 22. 19. 14. 19. 12. 13. 14. 5. 4.
    8. 6. 3. 9. 7. 8. 7. 6. 8. 9. 12. 12. 6. 9. 9. 8. 6. 10. 13. 7. 7.
    9. 12. 5. 5. 2. 5. 6. 6. 4. 4. 6. 5. 5. 9. 6. 1. 7. 5. 6. 5. 5. 4.
    5. 5. 4. 4. 1. 3. 2. 2. 7. 4. 2. 7. 3. 4. 6. 4. 9. 5. 7. 6. 6. 10.
    9. 9. 15. 18. 16. 25. 2.30885642e-38 0. 0. 0. 0. 0. 0. 0. 0. 0. 16.
    47. 18. 11. 10. 11. 24. 36. 45. 43. 39. 75. 234. 589. 752. 934. 986.
    988. 1354. 1771. 3010. 4444. 2146. 1560. 923. 569. 381. 379. 382.
    347. 317. 264. 228. 216. 210. 191. 178. 182. 176. 155. 170. 144.
    144. 127. 139. 139. 132. 126. 120. 133. 173. 171. 173. 175. 180.
    196. 210. 207. 195. 168. 206. 158. 144. 171. 188. 158. 171. 176.
    162. 174. 189. 196. 233. 246. 252. 275. 243. 240. 244. 259. 241.
    208. 203. 188. 216. 208. 237. 208. 214. 197. 223. 188. 197. 183.
    202. 184. 194. 221. 218. 208. 235. 278. 254. 264. 295. 280. 319.
    317. 339. 281. 292. 270. 263. 295. 296. 288. 227. 248. 231. 253.
    287. 288. 319. 297. 283. 245. 258. 251. 283. 300. 251. 243. 248.
    239. 233. 238. 198. 255. 226. 184. 193. 170. 196. 199. 202. 224.
    193. 168. 176. 172. 200. 180. 162. 175. 159. 162. 178. 152. 187.
    195. 169. 181. 170. 215. 294. 364. 609. 1022. 1161. 867. 544. 345.
    192. 95. 58. 46. 56. 58. 50. 54. 49. 58. 53. 52. 59. 47. 46. 57. 60.
    69. 47. 52. 79. 68. 68. 67. 72. 60. 74. 68. 75. 83. 71. 60. 58. 52.
    68. 63. 60. 55. 58. 72. 60. 62. 61. 66. 67. 49. 70. 65. 47. 55. 54.
    63. 67. 60. 59. 57. 71. 55. 48. 46. 51. 62. 64. 58. 64. 50. 60. 74.
    72. 94. 130. 149. 272. 406. 2.30885642e-38 49. 4271. 5215. 2316.
    1515. 804. 520. 404. 323. 359. 296. 236. 208. 194. 157. 142. 143.
    128. 115. 113. 107. 113. 98. 106. 129. 128. 131. 111. 118. 124. 150.
    159. 192. 154. 170. 127. 153. 160. 171. 172. 198. 188. 169. 170.
    171. 198. 214. 215. 199. 229. 205. 250. 268. 241. 230. 259. 199.
    219. 218. 263. 260. 238. 223. 234. 199. 234. 239. 247. 220. 226.
    222. 197. 263. 249. 254. 229. 224. 230. 208. 238. 266. 298. 263.
    253. 246. 224. 227. 256. 281. 265. 284. 255. 274. 260. 312. 312.
    312. 306. 281. 292. 334. 329. 326. 338. 307. 304. 267. 272. 277.
    299. 308. 310. 273. 277. 279. 287. 259. 285. 272. 240. 216. 251.
