<?xml version="1.0"?>
<opencv_storage>
<trainOutputs type_id="opencv-matrix">
  <rows>50</rows>
  <cols>2</cols>
  <dt>f</dt>
  <data>
    1. 0. 1. 0. 1. 0. 0. 1. 1. 0. 0. 1. 0. 1. 1. 0. 0. 1. 0. 1. 1. 0. 1.
    0. 0. 1. 0. 1. 1. 0. 1. 0. 0. 1. 1. 0. 1. 0. 1. 0. 1. 0. 0. 1. 0. 1.
    0. 1. 0. 1. 0. 1. 1. 0. 0. 1. 1. 0. 1. 0. 1. 0. 1. 0. 1. 0. 1. 0. 1.
    0. 1. 0. 1. 0. 0. 1. 0. 1. 0. 1. 0. 1. 0. 1. 1. 0. 1. 0. 0. 1. 0. 1.
    0. 1. 0. 1. 1. 0. 0. 1.</data></trainOutputs>
</opencv_storage>
