<?xml version="1.0"?>
<opencv_storage>
<valInputs type_id="opencv-matrix">
  <rows>20</rows>
  <cols>256</cols>
  <dt>f</dt>
  <data>
    0. 0. 0. 0. 0. 0. 8. 54. 108. 75. 49. 210. 189. 237. 307. 409. 570.
    690. 494. 495. 453. 452. 522. 410. 391. 387. 394. 394. 420. 486.
    499. 549. 539. 518. 548. 504. 517. 555. 572. 624. 552. 537. 508.
    522. 525. 516. 524. 455. 453. 480. 499. 497. 503. 519. 473. 462.
    432. 408. 435. 439. 496. 420. 406. 362. 378. 391. 415. 425. 347.
    379. 346. 380. 363. 374. 391. 305. 341. 338. 325. 309. 367. 361.
    359. 298. 284. 283. 337. 324. 328. 308. 283. 296. 296. 289. 267.
    295. 308. 287. 280. 282. 276. 289. 293. 288. 278. 236. 221. 274.
    234. 248. 249. 274. 220. 236. 229. 241. 248. 247. 272. 216. 229.
    256. 257. 272. 234. 241. 229. 263. 244. 244. 296. 234. 259. 260.
    279. 257. 233. 258. 263. 242. 235. 240. 258. 228. 254. 240. 225.
    220. 194. 236. 206. 228. 244. 233. 217. 223. 196. 201. 177. 219.
    187. 186. 166. 144. 149. 142. 139. 124. 128. 109. 124. 119. 118.
    103. 107. 133. 121. 152. 153. 141. 138. 113. 99. 94. 76. 69. 70. 47.
    76. 71. 51. 68. 46. 64. 44. 60. 46. 51. 57. 59. 54. 43. 50. 45. 48.
    53. 43. 47. 56. 49. 44. 53. 41. 62. 53. 41. 37. 53. 37. 65. 48. 34.
    58. 37. 43. 58. 45. 55. 31. 19. 31. 26. 21. 15. 19. 22. 19. 20. 19.
    15. 9. 17. 19. 15. 21. 21. 16. 24. 31. 19. 15. 21. 33. 36. 42.
    2.51452023e-38 0. 0. 0. 0. 0. 0. 0. 0. 0. 0. 1. 9. 16. 37. 65. 121.
    145. 229. 320. 424. 409. 394. 412. 447. 475. 510. 568. 601. 659.
    688. 671. 572. 450. 366. 292. 263. 233. 228. 219. 208. 158. 149.
    137. 131. 148. 150. 137. 107. 102. 100. 121. 86. 103. 86. 72. 70.
    76. 65. 68. 62. 67. 76. 63. 58. 54. 56. 56. 65. 70. 63. 67. 65. 61.
    68. 59. 58. 75. 52. 57. 59. 57. 58. 53. 53. 47. 63. 61. 49. 67. 70.
    83. 56. 55. 61. 93. 74. 89. 90. 86. 112. 103. 130. 144. 167. 151.
    122. 180. 189. 236. 289. 335. 352. 368. 338. 393. 403. 437. 422.
    426. 382. 428. 406. 471. 529. 506. 545. 505. 511. 481. 512. 482.
    486. 419. 423. 385. 395. 410. 419. 484. 475. 450. 410. 422. 462.
    412. 429. 446. 418. 376. 396. 420. 390. 456. 399. 451. 398. 353.
    370. 352. 336. 342. 255. 261. 266. 273. 294. 279. 273. 284. 246.
    226. 207. 262. 212. 241. 194. 208. 175. 195. 183. 192. 178. 184.
    160. 150. 146. 180. 165. 160. 172. 148. 165. 133. 145. 168. 141.
    134. 147. 113. 129. 120. 120. 119. 117. 128. 81. 100. 114. 110. 125.
    95. 105. 100. 95. 102. 83. 106. 79. 87. 84. 92. 73. 89. 86. 77. 67.
    74. 83. 55. 78. 80. 88. 60. 62. 69. 69. 67. 60. 62. 84. 62. 49. 50.
    55. 57. 57. 57. 59. 56. 79. 120. 167. 247. 387. 673. 2.36942783e-38
    0. 0. 0. 0. 0. 0. 0. 2. 3. 43. 102. 191. 229. 216. 329. 544. 924.
    1187. 1237. 1310. 1190. 1210. 1336. 1381. 1384. 1307. 1193. 1059.
    1091. 1249. 1387. 1456. 1454. 1204. 1000. 753. 634. 598. 484. 439.
    345. 285. 249. 258. 220. 245. 213. 195. 159. 166. 179. 164. 158.
    163. 155. 122. 142. 117. 129. 150. 143. 118. 97. 110. 103. 106. 113.
    117. 91. 100. 88. 91. 75. 93. 92. 82. 78. 72. 74. 99. 121. 116. 103.
    105. 109. 105. 128. 101. 145. 137. 114. 144. 143. 192. 226. 270.
    323. 382. 385. 395. 472. 565. 635. 692. 683. 645. 602. 632. 636.
    619. 643. 621. 567. 579. 637. 643. 733. 768. 779. 733. 738. 775.
    786. 822. 766. 742. 688. 672. 686. 798. 844. 818. 776. 721. 761.
    754. 822. 884. 862. 861. 847. 812. 855. 882. 949. 916. 1014. 943.
    905. 931. 951. 1058. 1016. 1013. 1015. 967. 973. 958. 992. 1073.
    1008. 989. 944. 927. 939. 1026. 1060. 970. 979. 858. 772. 803. 901.
    896. 981. 958. 896. 868. 889. 836. 919. 890. 770. 646. 687. 631.
    699. 731. 741. 727. 728. 677. 660. 715. 830. 710. 745. 665. 711.
    688. 692. 717. 690. 671. 612. 550. 560. 601. 604. 615. 589. 486.
    473. 428. 493. 468. 437. 436. 399. 380. 366. 341. 351. 389. 352.
    349. 336. 294. 316. 316. 316. 278. 257. 273. 242. 253. 214. 221.
    226. 205. 184. 193. 168. 195. 161. 139. 152. 148. 163. 152. 222.
    387. 562. 1044. 2622. 1.87500000e+00 0. 0. 0. 0. 0. 0. 0. 4. 52.
    276. 495. 606. 678. 860. 1147. 1493. 1839. 1756. 1781. 1460. 1348.
    1300. 1344. 1423. 1226. 1030. 875. 662. 584. 513. 528. 483. 387.
    356. 293. 286. 293. 280. 214. 214. 194. 179. 147. 151. 146. 151.
    133. 123. 103. 101. 92. 96. 98. 84. 81. 65. 64. 75. 70. 67. 54. 75.
    55. 68. 45. 53. 56. 56. 51. 58. 46. 48. 39. 45. 44. 34. 34. 28. 32.
    24. 32. 31. 28. 27. 30. 24. 26. 23. 37. 38. 32. 43. 28. 43. 45. 34.
    50. 54. 50. 46. 38. 49. 66. 82. 100. 102. 95. 120. 115. 138. 156.
    158. 149. 166. 209. 237. 260. 292. 299. 266. 288. 301. 300. 347.
    340. 335. 307. 312. 379. 401. 430. 444. 445. 449. 438. 477. 500.
    533. 556. 568. 509. 555. 571. 582. 697. 707. 740. 711. 616. 652.
    645. 631. 653. 671. 633. 616. 603. 630. 608. 678. 713. 652. 629.
    617. 679. 742. 787. 788. 758. 694. 719. 708. 700. 751. 746. 680.
    622. 602. 637. 695. 723. 728. 677. 681. 612. 591. 652. 662. 628.
    632. 529. 580. 568. 583. 632. 652. 609. 547. 520. 509. 546. 525.
    500. 476. 471. 399. 360. 400. 384. 356. 365. 354. 351. 313. 334.
    325. 315. 293. 285. 259. 278. 272. 268. 261. 245. 243. 235. 242.
    217. 216. 206. 229. 193. 188. 176. 200. 184. 192. 166. 161. 148.
    142. 135. 133. 141. 121. 126. 117. 110. 166. 220. 383. 576. 1117.
    3078. 0. 0. 0. 0. 0. 0. 0. 0. 2. 3. 43. 102. 191. 229. 216. 329.
    544. 924. 1187. 1237. 1310. 1190. 1210. 1336. 1381. 1384. 1307.
    1193. 1059. 1091. 1249. 1387. 1456. 1454. 1204. 1000. 753. 634. 598.
    484. 439. 345. 285. 249. 258. 220. 245. 213. 195. 159. 166. 179.
    164. 158. 163. 155. 122. 142. 117. 129. 150. 143. 118. 97. 110. 103.
    106. 113. 117. 91. 100. 88. 91. 75. 93. 92. 82. 78. 72. 74. 99. 121.
    116. 103. 105. 109. 105. 128. 101. 145. 137. 114. 144. 143. 192.
    226. 270. 323. 382. 385. 395. 472. 565. 635. 692. 683. 645. 602.
    632. 636. 619. 643. 621. 567. 579. 637. 643. 733. 768. 779. 733.
    738. 775. 786. 822. 766. 742. 688. 672. 686. 798. 844. 818. 776.
    721. 761. 754. 822. 884. 862. 861. 847. 812. 855. 882. 949. 916.
    1014. 943. 905. 931. 951. 1058. 1016. 1013. 1015. 967. 973. 958.
    992. 1073. 1008. 989. 944. 927. 939. 1026. 1060. 970. 979. 858. 772.
    803. 901. 896. 981. 958. 896. 868. 889. 836. 919. 890. 770. 646.
    687. 631. 699. 731. 741. 727. 728. 677. 660. 715. 830. 710. 745.
    665. 711. 688. 692. 717. 690. 671. 612. 550. 560. 601. 604. 615.
    589. 486. 473. 428. 493. 468. 437. 436. 399. 380. 366. 341. 351.
    389. 352. 349. 336. 294. 316. 316. 316. 278. 257. 273. 242. 253.
    214. 221. 226. 205. 184. 193. 168. 195. 161. 139. 152. 148. 163.
    152. 222. 387. 562. 1044. 2622. 4.38973672e-38 0. 0. 0. 0. 0. 0. 0.
    0. 0. 0. 0. 0. 0. 0. 0. 0. 8. 43. 78. 78. 117. 118. 120. 148. 193.
    196. 195. 262. 347. 509. 454. 386. 336. 286. 266. 256. 261. 289.
    273. 310. 296. 334. 297. 302. 331. 317. 313. 321. 276. 278. 288.
    286. 316. 270. 261. 210. 209. 252. 244. 210. 224. 212. 211. 176.
    180. 162. 186. 160. 161. 133. 120. 165. 159. 128. 129. 127. 106.
    121. 139. 129. 164. 113. 148. 130. 125. 106. 107. 114. 119. 117.
    141. 112. 99. 100. 96. 94. 92. 86. 69. 60. 65. 69. 78. 67. 77. 65.
    64. 89. 98. 76. 81. 101. 93. 91. 97. 111. 104. 115. 99. 101. 76. 82.
    86. 95. 73. 97. 76. 69. 79. 83. 90. 76. 89. 72. 63. 79. 74. 81. 66.
    73. 68. 66. 72. 89. 60. 79. 67. 74. 77. 60. 79. 81. 71. 79. 55. 50.
    59. 58. 65. 65. 57. 58. 69. 47. 40. 66. 68. 65. 60. 48. 42. 47. 56.
    53. 78. 109. 164. 167. 176. 129. 79. 33. 28. 16. 13. 8. 9. 17. 10.
    18. 4. 18. 11. 16. 16. 24. 11. 15. 15. 22. 20. 17. 18. 15. 15. 9. 9.
    9. 14. 19. 14. 14. 12. 14. 7. 16. 13. 11. 9. 15. 8. 11. 11. 19. 12.
    11. 10. 9. 6. 9. 10. 5. 12. 10. 8. 8. 9. 11. 13. 13. 7. 9. 9. 9. 7.
    13. 15. 13. 11. 10. 15. 15. 13. 20. 17. 9.55146781e-38 0. 0. 0. 0.
    0. 0. 0. 0. 1. 0. 2. 5. 9. 17. 29. 28. 41. 57. 69. 91. 104. 100.
    115. 156. 164. 152. 115. 109. 130. 119. 157. 171. 144. 138. 110.
